   9.4285714e-01   9.0079365e-01   2.7067669e-02
   9.3458647e-01   8.8888889e-01   2.3157895e-02
   9.3984962e-01   8.8492063e-01   2.6165414e-02
   9.4676692e-01   8.8095238e-01   2.7067669e-02
   9.4120301e-01   8.7698413e-01   2.9473684e-02
   9.3969925e-01   8.7301587e-01   2.4962406e-02
   9.3233083e-01   8.5714286e-01   2.0451128e-02
   9.2330827e-01   8.5317460e-01   1.7142857e-02
   9.3413534e-01   8.4920635e-01   2.1353383e-02
   9.3428571e-01   8.4523810e-01   2.1353383e-02
   9.3203008e-01   8.3333333e-01   2.0751880e-02
   9.4225564e-01   8.2936508e-01   2.5263158e-02
   9.4120301e-01   8.2539683e-01   2.4060150e-02
   9.4390977e-01   8.2142857e-01   2.5563910e-02
   9.3834586e-01   8.1746032e-01   2.1654135e-02
   9.3639098e-01   8.0555556e-01   2.3759398e-02
   9.3969925e-01   8.0158730e-01   2.1954887e-02
   9.3759398e-01   7.9761905e-01   2.0451128e-02
   9.3954887e-01   7.9365079e-01   2.2857143e-02
   9.4015038e-01   7.8968254e-01   2.4060150e-02
   9.3443609e-01   7.7777778e-01   2.0751880e-02
   9.2932331e-01   7.7380952e-01   1.6541353e-02
   9.0691729e-01   7.6984127e-01   1.3533835e-02
   9.0857143e-01   7.6587302e-01   1.0225564e-02
   8.9112782e-01   7.6190476e-01   9.6240602e-03
   8.9308271e-01   7.4603175e-01   9.0225564e-03
   8.8195489e-01   7.4206349e-01   1.0526316e-02
   8.9488722e-01   7.3809524e-01   7.8195489e-03
   9.0045113e-01   7.3412698e-01   1.2631579e-02
   9.0466165e-01   7.2222222e-01   9.6240602e-03
   9.0466165e-01   7.1825397e-01   9.3233083e-03
   9.1398496e-01   7.1428571e-01   1.1428571e-02
   9.1022556e-01   7.1031746e-01   1.3533835e-02
   9.1759398e-01   7.0634921e-01   9.0225564e-03
   9.0706767e-01   6.9444444e-01   1.1729323e-02
   9.1428571e-01   6.9047619e-01   1.1428571e-02
   9.1593985e-01   6.8650794e-01   1.0827068e-02
   9.1097744e-01   6.8253968e-01   1.0526316e-02
   9.0857143e-01   6.7857143e-01   9.0225564e-03
   8.9413534e-01   6.6666667e-01   8.1203008e-03
   8.8390977e-01   6.6269841e-01   7.2180451e-03
   8.8932331e-01   6.5873016e-01   7.2180451e-03
   8.8511278e-01   6.5476190e-01   5.7142857e-03
   8.6541353e-01   6.5079365e-01   3.3082707e-03
   8.7218045e-01   6.3888889e-01   5.4135338e-03
   8.7548872e-01   6.3492063e-01   4.8120301e-03
   8.8586466e-01   6.3095238e-01   6.0150376e-03
   8.7714286e-01   6.2698413e-01   6.6165414e-03
   8.9383459e-01   6.1111111e-01   6.3157895e-03
   8.9112782e-01   6.0714286e-01   7.5187970e-03
   8.8631579e-01   6.0317460e-01   5.7142857e-03
   8.9187970e-01   5.9920635e-01   6.9172932e-03
   8.9022556e-01   5.9523810e-01   6.6165414e-03
   8.9714286e-01   5.8333333e-01   8.1203008e-03
   8.9112782e-01   5.7936508e-01   6.6165414e-03
   9.0330827e-01   5.7539683e-01   8.4210526e-03
   9.1624060e-01   5.7142857e-01   1.2030075e-02
   9.2481203e-01   5.6746032e-01   1.3834586e-02
   9.2676692e-01   5.5555556e-01   1.2631579e-02
   9.2887218e-01   5.5158730e-01   1.2631579e-02
   9.2571429e-01   5.4761905e-01   1.3834586e-02
   9.3127820e-01   5.4365079e-01   1.0526316e-02
   9.3669173e-01   5.3968254e-01   1.3233083e-02
   9.3338346e-01   5.2777778e-01   1.3533835e-02
   9.3819549e-01   5.2380952e-01   1.4736842e-02
   9.2766917e-01   5.1984127e-01   1.0526316e-02
   9.3082707e-01   5.1587302e-01   1.1127820e-02
   9.2706767e-01   5.1190476e-01   1.1127820e-02
   9.4902256e-01   4.9603175e-01   1.6240602e-02
   9.5022556e-01   4.9206349e-01   1.8045113e-02
   9.4751880e-01   4.8809524e-01   1.5939850e-02
   9.5233083e-01   4.8412698e-01   1.5338346e-02
   9.5323308e-01   4.7222222e-01   1.8045113e-02
   9.5263158e-01   4.6825397e-01   1.6240602e-02
   9.5248120e-01   4.6428571e-01   1.7744361e-02
   9.4571429e-01   4.6031746e-01   1.4736842e-02
   9.4511278e-01   4.5634921e-01   1.2631579e-02
   9.4511278e-01   4.4444444e-01   1.5639098e-02
   9.4691729e-01   4.4047619e-01   1.4736842e-02
   9.5924812e-01   4.3650794e-01   1.7744361e-02
   9.5699248e-01   4.3253968e-01   2.0150376e-02
   9.5984962e-01   4.2857143e-01   1.9849624e-02
   9.5293233e-01   4.1666667e-01   1.6842105e-02
   9.5473684e-01   4.1269841e-01   1.7443609e-02
   9.6330827e-01   4.0873016e-01   2.0751880e-02
   9.7323308e-01   4.0476190e-01   2.0751880e-02
   9.8120301e-01   4.0079365e-01   2.2556391e-02
   9.7789474e-01   3.8492063e-01   2.4360902e-02
   9.7774436e-01   3.8095238e-01   2.4060150e-02
   9.6736842e-01   3.7698413e-01   1.8646617e-02
   9.6917293e-01   3.7301587e-01   2.1052632e-02
   9.7458647e-01   3.6111111e-01   1.9548872e-02
   9.6360902e-01   3.5714286e-01   1.5939850e-02
   9.6390977e-01   3.5317460e-01   1.8045113e-02
   9.5578947e-01   3.4920635e-01   1.4436090e-02
   9.4255639e-01   3.4523810e-01   9.0225564e-03
   9.4060150e-01   3.3333333e-01   9.0225564e-03
   9.3789474e-01   3.2936508e-01   7.5187970e-03
   9.2601504e-01   3.2539683e-01   9.9248120e-03
   9.3639098e-01   3.2142857e-01   9.0225564e-03
   9.2225564e-01   3.1746032e-01   4.2105263e-03
   9.2631579e-01   3.0555556e-01   4.8120301e-03
   9.1278195e-01   3.0158730e-01   9.0225564e-03
   9.0676692e-01   2.9761905e-01   3.6090226e-03
   9.0812030e-01   2.9365079e-01   3.3082707e-03
   9.1067669e-01   2.8968254e-01   3.6090226e-03
   9.0285714e-01   2.7777778e-01   2.1052632e-03
   9.0481203e-01   2.7380952e-01   2.2556391e-03
   9.1413534e-01   2.6984127e-01   2.5563910e-03
   9.0060150e-01   2.6587302e-01   3.3082707e-03
   9.0902256e-01   2.6190476e-01   1.9548872e-03
   8.9759398e-01   2.5000000e-01   2.1052632e-03
   9.0270677e-01   2.4603175e-01   1.8045113e-03
   8.9007519e-01   2.4206349e-01   2.1052632e-03
   8.9789474e-01   2.3809524e-01   1.2030075e-03
   9.0150376e-01   2.3412698e-01   1.6541353e-03
   9.1172932e-01   2.2222222e-01   2.7067669e-03
   9.2421053e-01   2.1825397e-01   4.2105263e-03
   9.3187970e-01   2.1428571e-01   6.6165414e-03
   9.4571429e-01   2.1031746e-01   8.1203008e-03
   9.3368421e-01   2.0634921e-01   7.2180451e-03
   9.3849624e-01   1.9444444e-01   6.6165414e-03
   9.2721805e-01   1.9047619e-01   5.4135338e-03
   9.1954887e-01   1.8650794e-01   2.4060150e-03
   9.2045113e-01   1.8253968e-01   3.6090226e-03
   9.1127820e-01   1.7857143e-01   1.2030075e-03
   9.1218045e-01   1.6666667e-01   1.8045113e-03
   9.0210526e-01   1.6269841e-01   3.0075188e-04
   9.0330827e-01   1.5873016e-01   1.5037594e-04
   9.1067669e-01   1.5476190e-01   1.0526316e-03
   9.2736842e-01   1.5079365e-01   3.0075188e-03
   9.3142857e-01   1.3888889e-01   3.0075188e-03
   9.3037594e-01   1.3492063e-01   2.4060150e-03
   9.2706767e-01   1.3095238e-01   2.1052632e-03
   9.3308271e-01   1.2698413e-01   3.0075188e-03
   9.3172932e-01   1.2301587e-01   2.8571429e-03
   9.2225564e-01   1.1111111e-01   9.0225564e-04
   9.2075188e-01   1.0714286e-01   6.0150376e-04
   9.3263158e-01   1.0317460e-01   1.5037594e-03
   9.3338346e-01   9.9206349e-02   1.3533835e-03
   9.2436090e-01   9.5238095e-02   9.0225564e-04
   9.2857143e-01   8.3333333e-02   4.5112782e-04
   9.4300752e-01   7.9365079e-02   3.3082707e-03
   9.4661654e-01   7.5396825e-02   2.4060150e-03
   9.4030075e-01   7.1428571e-02   2.7067669e-03
   9.4150376e-01   6.7460317e-02   2.4060150e-03
   9.3849624e-01   5.5555556e-02   2.1052632e-03
   9.2616541e-01   5.1587302e-02   6.0150376e-04
   9.1007519e-01   4.7619048e-02   4.5112782e-04
   9.1323308e-01   4.3650794e-02   0.0000000e+00
   9.1187970e-01   3.9682540e-02   0.0000000e+00
   9.1639098e-01   2.7777778e-02   1.5037594e-04
   9.2075188e-01   2.3809524e-02   3.0075188e-04
   9.2631579e-01   1.9841270e-02   3.0075188e-04
   9.1383459e-01   1.5873016e-02   0.0000000e+00
   9.0736842e-01   1.1904762e-02   0.0000000e+00
